Class Interval,Class Mark,Absolute Frequency,Absolute Cumulative Frequency,Relative Frequency,Relative Cumulative Frequency,Percentage
"[8, 25]",16.5,11,11,0.28,0.3,28.0%
"[25, 42]",33.5,7,18,0.17,0.5,17.0%
"[42, 59]",50.5,3,21,0.07,0.5,7.0%
"[59, 76]",67.5,5,26,0.12,0.6,12.0%
"[76, 92]",84.0,3,29,0.07,0.7,7.0%
"[92, 109]",100.5,1,30,0.03,0.7,3.0%
"[109, 126]",117.5,3,33,0.07,0.8,7.0%
"[126, 143]",134.5,3,36,0.07,0.9,7.0%
"[143, 161]",152.0,4,40,0.1,1.0,10.0%
